Zeit                    	EINGANG         	AUSGANG         
               0        	               0	    -0.079820265
            0.01        	               1	    -0.044587148
            0.02        	               1	      0.03837241
            0.03        	               1	    -0.052279485
            0.04        	               1	     -0.15115404
            0.05        	               1	      0.03134819
            0.06        	               1	     0.046548047
            0.07        	               1	    -0.055015219
            0.08        	               1	     0.013916352
            0.09        	               1	      0.11481942
             0.1        	               1	     0.020889349
            0.11        	               1	    -0.045459777
            0.12        	               1	      0.12490483
            0.13        	               1	    -0.034665348
            0.14        	               1	     0.070899906
            0.15        	               1	     0.035889498
            0.16        	               1	   -0.0086889462
            0.17        	               1	     -0.05760909
            0.18        	               1	      0.10607412
            0.19        	               1	      0.14852443
             0.2        	               1	      0.12262431
            0.21        	               1	    0.0054749586
            0.22        	               1	    -0.064103733
            0.23        	               1	      0.25192685
            0.24        	               1	      0.12832404
            0.25        	               1	     -0.28593614
            0.26        	               1	     -0.03015891
            0.27        	               1	       0.1055692
            0.28        	               1	    -0.082119635
            0.29        	               1	     0.027625512
             0.3        	               1	      0.11737426
            0.31        	               1	      0.06891495
            0.32        	               1	   0.00075464558
            0.33        	               1	      0.10561913
            0.34        	               1	       0.1879529
            0.35        	               1	      0.10141918
            0.36        	               1	      0.18639991
            0.37        	               1	      0.10749574
            0.38        	               1	     0.091026071
            0.39        	               1	    -0.037471009
             0.4        	               1	      0.18426134
            0.41        	               1	     0.092698647
            0.42        	               1	     0.036035197
            0.43        	               1	      0.11168398
            0.44        	               1	    0.0037767146
            0.45        	               1	      0.12066384
            0.46        	               1	      0.13241453
            0.47        	               1	    0.0083166557
            0.48        	               1	      0.15437685
            0.49        	               1	      0.05082045
             0.5        	               1	      0.18959152
            0.51        	               1	      0.11185285
            0.52        	               1	     -0.15451403
            0.53        	               1	     0.042591117
            0.54        	               1	      0.11698727
            0.55        	               1	     0.081712121
            0.56        	               1	      0.18652211
            0.57        	               1	    -0.044607614
            0.58        	               1	      0.12401685
            0.59        	               1	    -0.022691908
             0.6        	               1	    -0.013102523
            0.61        	               1	     0.048635074
            0.62        	               1	      0.32008969
            0.63        	               1	     0.058048845
            0.64        	               1	      0.15601882
            0.65        	               1	      -0.1182754
            0.66        	               1	     0.014609916
            0.67        	               1	     0.083337228
            0.68        	               1	      0.10328772
            0.69        	               1	      0.11406133
             0.7        	               1	      0.11697669
            0.71        	               1	    -0.087428806
            0.72        	               1	     0.038100972
            0.73        	               1	    -0.094959132
            0.74        	               1	      0.23658448
            0.75        	               1	      0.10514411
            0.76        	               1	     0.069850823
            0.77        	               1	      0.11405441
            0.78        	               1	    -0.017176611
            0.79        	               1	      0.42044503
             0.8        	               1	      0.30792531
            0.81        	               1	      0.20048896
            0.82        	               1	      0.16507945
            0.83        	               1	      0.31785898
            0.84        	               1	      0.36170849
            0.85        	               1	      0.12372764
            0.86        	               1	      0.29273485
            0.87        	               1	      0.25676726
            0.88        	               1	    -0.059419255
            0.89        	               1	     0.043149945
             0.9        	               1	      0.27516821
            0.91        	               1	     0.096547623
            0.92        	               1	      0.15391903
            0.93        	               1	        0.318132
            0.94        	               1	      0.12175484
            0.95        	               1	       0.2965746
            0.96        	               1	      0.31109706
            0.97        	               1	      0.30804676
            0.98        	               1	      0.14186695
            0.99        	               1	      0.31621965
               1        	               1	      0.22148559
            1.01        	               1	      0.37226426
            1.02        	               1	      0.44487389
            1.03        	               1	      0.21485143
            1.04        	               1	      0.49445259
            1.05        	               1	      0.17015182
            1.06        	               1	      0.34014231
            1.07        	               1	      0.25183597
            1.08        	               1	      0.23936348
            1.09        	               1	      0.26107425
             1.1        	               1	      0.23703643
            1.11        	               1	      0.28653691
            1.12        	               1	      0.36558132
            1.13        	               1	      0.40439404
            1.14        	               1	      0.44491818
            1.15        	               1	      0.37831562
            1.16        	               1	      0.38246694
            1.17        	               1	      0.35947151
            1.18        	               1	      0.37314739
            1.19        	               1	      0.38653144
             1.2        	               1	      0.29937921
            1.21        	               1	      0.38566503
            1.22        	               1	      0.33108196
            1.23        	               1	       0.3705418
            1.24        	               1	      0.22567511
            1.25        	               1	      0.34233117
            1.26        	               1	      0.42807802
            1.27        	               1	      0.28970243
            1.28        	               1	      0.57070995
            1.29        	               1	      0.38882482
             1.3        	               1	      0.37349007
            1.31        	               1	      0.40336746
            1.32        	               1	      0.54383749
            1.33        	               1	      0.48449939
            1.34        	               1	      0.57667118
            1.35        	               1	      0.47088958
            1.36        	               1	      0.55441008
            1.37        	               1	       0.3887069
            1.38        	               1	      0.54697303
            1.39        	               1	      0.45162018
             1.4        	               1	      0.51177881
            1.41        	               1	      0.66079814
            1.42        	               1	      0.59374613
            1.43        	               1	      0.50490947
            1.44        	               1	      0.62529363
            1.45        	               1	      0.66012279
            1.46        	               1	      0.52633989
            1.47        	               1	      0.59010663
            1.48        	               1	      0.70430344
            1.49        	               1	      0.74602951
             1.5        	               1	      0.65410276
            1.51        	               1	      0.56655986
            1.52        	               1	      0.65815625
            1.53        	               1	       0.4778661
            1.54        	               1	      0.58638231
            1.55        	               1	      0.79361657
            1.56        	               1	      0.69619926
            1.57        	               1	      0.71497957
            1.58        	               1	      0.83252539
            1.59        	               1	      0.83062338
             1.6        	               1	      0.72777895
            1.61        	               1	      0.71671624
            1.62        	               1	      0.60187815
            1.63        	               1	      0.93692634
            1.64        	               1	      0.76224119
            1.65        	               1	      0.74242184
            1.66        	               1	       0.8037862
            1.67        	               1	       0.7718709
            1.68        	               1	      0.80893132
            1.69        	               1	      0.85144161
             1.7        	               1	      0.84759465
            1.71        	               1	      0.89480208
            1.72        	               1	      0.67719426
            1.73        	               1	      0.80312035
            1.74        	               1	       1.0426482
            1.75        	               1	       0.8650645
            1.76        	               1	      0.97637456
            1.77        	               1	       1.0568025
            1.78        	               1	       0.9982913
            1.79        	               1	      0.94200248
             1.8        	               1	      0.81581646
            1.81        	               1	      0.97183235
            1.82        	               1	      0.92386803
            1.83        	               1	       1.0849601
            1.84        	               1	        1.004864
            1.85        	               1	      0.80755378
            1.86        	               1	      0.92872235
            1.87        	               1	       1.1532813
            1.88        	               1	      0.95286106
            1.89        	               1	      0.92331069
             1.9        	               1	       0.9221981
            1.91        	               1	       1.0063099
            1.92        	               1	       1.1691514
            1.93        	               1	       1.1784469
            1.94        	               1	        1.113639
            1.95        	               1	       1.1033896
            1.96        	               1	       1.0630789
            1.97        	               1	        1.132306
            1.98        	               1	       1.2123889
            1.99        	               1	       1.3038642
               2        	               1	       1.2439871
            2.01        	               1	        1.344232
            2.02        	               1	       1.2277915
            2.03        	               1	       1.2670774
            2.04        	               1	       1.4212201
            2.05        	               1	       1.3735685
            2.06        	               1	       1.3691907
            2.07        	               1	       1.2523733
            2.08        	               1	       1.4041216
            2.09        	               1	       1.4796597
             2.1        	               1	       1.1459306
            2.11        	               1	       1.3190959
            2.12        	               1	       1.4020358
            2.13        	               1	       1.5218497
            2.14        	               1	       1.4673553
            2.15        	               1	       1.3265893
            2.16        	               1	       1.3243071
            2.17        	               1	       1.4594828
            2.18        	               1	       1.4428093
            2.19        	               1	       1.2341982
             2.2        	               1	       1.5802799
            2.21        	               1	       1.3519036
            2.22        	               1	       1.3816371
            2.23        	               1	       1.6012672
            2.24        	               1	       1.3792991
            2.25        	               1	        1.658457
            2.26        	               1	       1.5931839
            2.27        	               1	       1.3871413
            2.28        	               1	       1.5307097
            2.29        	               1	       1.5384882
             2.3        	               1	       1.5867947
            2.31        	               1	       1.6511659
            2.32        	               1	       1.5438571
            2.33        	               1	       1.8513426
            2.34        	               1	       1.6718152
            2.35        	               1	       1.6526866
            2.36        	               1	       1.5280872
            2.37        	               1	       1.6563662
            2.38        	               1	       1.6575914
            2.39        	               1	       1.7510496
             2.4        	               1	       1.5927461
            2.41        	               1	       1.7129052
            2.42        	               1	       1.5534697
            2.43        	               1	       1.9056013
            2.44        	               1	       1.9471804
            2.45        	               1	       1.8803062
            2.46        	               1	       1.8687967
            2.47        	               1	       1.9756885
            2.48        	               1	        1.800737
            2.49        	               1	       1.8179165
             2.5        	               1	       1.9129198
            2.51        	               1	       1.8206586
            2.52        	               1	       1.8627634
            2.53        	               1	       1.8850834
            2.54        	               1	       1.8951865
            2.55        	               1	       1.9998593
            2.56        	               1	       1.9426074
            2.57        	               1	        1.941155
            2.58        	               1	       1.9249449
            2.59        	               1	       1.9726389
             2.6        	               1	       2.0496175
            2.61        	               1	       1.9454798
            2.62        	               1	       2.0115438
            2.63        	               1	       2.0983461
            2.64        	               1	       1.8931424
            2.65        	               1	       2.0574067
            2.66        	               1	        1.964332
            2.67        	               1	       2.0363301
            2.68        	               1	       1.9825315
            2.69        	               1	       2.1362852
             2.7        	               1	       2.0926594
            2.71        	               1	       2.2459407
            2.72        	               1	       2.1271346
            2.73        	               1	       2.0414653
            2.74        	               1	       2.3058758
            2.75        	               1	       2.2865279
            2.76        	               1	       2.1363021
            2.77        	               1	       2.1322974
            2.78        	               1	       2.3133321
            2.79        	               1	       2.2174427
             2.8        	               1	       2.4193848
            2.81        	               1	       2.3681326
            2.82        	               1	       2.1243792
            2.83        	               1	       2.3980362
            2.84        	               1	       2.2857343
            2.85        	               1	       2.5083225
            2.86        	               1	       2.4483689
            2.87        	               1	       2.3876604
            2.88        	               1	       2.3447023
            2.89        	               1	        2.512219
             2.9        	               1	       2.4946535
            2.91        	               1	       2.5456675
            2.92        	               1	       2.4056415
            2.93        	               1	       2.5391749
            2.94        	               1	       2.5725856
            2.95        	               1	       2.5314104
            2.96        	               1	       2.3779049
            2.97        	               1	       2.5485433
            2.98        	               1	       2.7915186
            2.99        	               1	       2.7042427
               3        	               1	        2.670846
            3.01        	               1	       2.4996779
            3.02        	               1	       2.6608064
            3.03        	               1	       2.7235182
            3.04        	               1	        2.693819
            3.05        	               1	        2.851933
            3.06        	               1	       2.6898032
            3.07        	               1	       2.7485916
            3.08        	               1	       2.7561785
            3.09        	               1	       2.8646634
             3.1        	               1	       2.4878642
            3.11        	               1	       2.7388178
            3.12        	               1	       2.7672798
            3.13        	               1	       2.7972244
            3.14        	               1	       2.7643448
            3.15        	               1	       2.9535526
            3.16        	               1	       2.6364786
            3.17        	               1	        2.908972
            3.18        	               1	       2.8286009
            3.19        	               1	       2.7521522
             3.2        	               1	       2.8731313
            3.21        	               1	       2.9592626
            3.22        	               1	       2.8899893
            3.23        	               1	       2.9939731
            3.24        	               1	       2.9865946
            3.25        	               1	       2.9074532
            3.26        	               1	        2.757867
            3.27        	               1	       2.9383728
            3.28        	               1	       2.9862261
            3.29        	               1	       3.0129014
             3.3        	               1	       2.9415917
            3.31        	               1	       3.1447089
            3.32        	               1	       2.9813836
            3.33        	               1	       2.9349651
            3.34        	               1	       3.0505216
            3.35        	               1	       3.0723398
            3.36        	               1	       3.2814255
            3.37        	               1	        3.033003
            3.38        	               1	       3.1940154
            3.39        	               1	       3.1806245
             3.4        	               1	        3.195711
            3.41        	               1	       3.2663742
            3.42        	               1	       3.0814323
            3.43        	               1	       3.2289221
            3.44        	               1	       3.2335994
            3.45        	               1	       3.0944383
            3.46        	               1	       3.2221322
            3.47        	               1	       3.1765928
            3.48        	               1	       3.4044508
            3.49        	               1	       3.2765556
             3.5        	               1	       3.2254753
            3.51        	               1	       3.3829968
            3.52        	               1	       3.4176257
            3.53        	               1	       3.3720865
            3.54        	               1	       3.5008223
            3.55        	               1	        3.307495
            3.56        	               1	       3.3824853
            3.57        	               1	       3.4403925
            3.58        	               1	       3.4575347
            3.59        	               1	        3.609449
             3.6        	               1	       3.5083909
            3.61        	               1	        3.540835
            3.62        	               1	       3.4049742
            3.63        	               1	       3.4482206
            3.64        	               1	       3.4047048
            3.65        	               1	       3.4327762
            3.66        	               1	        3.452503
            3.67        	               1	       3.4831722
            3.68        	               1	       3.4807893
            3.69        	               1	       3.5755789
             3.7        	               1	        3.709484
            3.71        	               1	       3.4736666
            3.72        	               1	       3.5460075
            3.73        	               1	        3.528606
            3.74        	               1	       3.6852803
            3.75        	               1	       3.6790674
            3.76        	               1	       3.7097229
            3.77        	               1	       3.7512212
            3.78        	               1	       3.6892557
            3.79        	               1	       3.7587381
             3.8        	               1	       3.7812993
            3.81        	               1	       3.8027886
            3.82        	               1	       3.8307743
            3.83        	               1	       3.5720432
            3.84        	               1	       3.5701012
            3.85        	               1	       3.7426726
            3.86        	               1	       3.8192007
            3.87        	               1	       3.7783474
            3.88        	               1	       3.6854934
            3.89        	               1	       3.7302382
             3.9        	               1	          3.8639
            3.91        	               1	       3.7370158
            3.92        	               1	       3.8368412
            3.93        	               1	       3.7248508
            3.94        	               1	       3.9742377
            3.95        	               1	        3.907414
            3.96        	               1	       3.8335103
            3.97        	               1	       3.9858761
            3.98        	               1	       3.9595797
            3.99        	               1	        4.048908
               4        	               1	       3.9848668
            4.01        	               1	       3.9726804
            4.02        	               1	       4.0292923
            4.03        	               1	       4.0208643
            4.04        	               1	       4.1002772
            4.05        	               1	       4.0446305
            4.06        	               1	       3.9927423
            4.07        	               1	       3.9826498
            4.08        	               1	       3.8891086
            4.09        	               1	       4.0610932
             4.1        	               1	       4.1592969
            4.11        	               1	       4.1936316
            4.12        	               1	       4.3607282
            4.13        	               1	       3.9814361
            4.14        	               1	       4.0383235
            4.15        	               1	       4.1131775
            4.16        	               1	       4.0245038
            4.17        	               1	        4.065027
            4.18        	               1	       4.2391902
            4.19        	               1	       4.4006555
             4.2        	               1	       4.3898036
            4.21        	               1	       4.1712341
            4.22        	               1	       4.1712652
            4.23        	               1	       4.2154339
            4.24        	               1	        4.365996
            4.25        	               1	        4.359426
            4.26        	               1	       4.1439172
            4.27        	               1	       4.3168816
            4.28        	               1	       4.3624499
            4.29        	               1	       4.3889717
             4.3        	               1	       4.5665153
            4.31        	               1	       4.5643677
            4.32        	               1	       4.1885345
            4.33        	               1	       4.4192405
            4.34        	               1	       4.5484288
            4.35        	               1	       4.4172616
            4.36        	               1	       4.6536194
            4.37        	               1	        4.409602
            4.38        	               1	       4.3990276
            4.39        	               1	       4.2349331
             4.4        	               1	       4.3670745
            4.41        	               1	       4.4194262
            4.42        	               1	       4.5276816
            4.43        	               1	       4.6767526
            4.44        	               1	         4.43827
            4.45        	               1	       4.6080835
            4.46        	               1	       4.4437612
            4.47        	               1	       4.6020903
            4.48        	               1	       4.5765765
            4.49        	               1	       4.5349444
             4.5        	               1	       4.5566373
            4.51        	               1	       4.4703171
            4.52        	               1	       4.6913649
            4.53        	               1	         4.65938
            4.54        	               1	       4.5756807
            4.55        	               1	       4.7408042
            4.56        	               1	       4.7920063
            4.57        	               1	       4.6407614
            4.58        	               1	        4.910263
            4.59        	               1	        4.572923
             4.6        	               1	       4.7878722
            4.61        	               1	       4.6384603
            4.62        	               1	       4.7697556
            4.63        	               1	        4.726045
            4.64        	               1	       4.8883345
            4.65        	               1	       4.7118485
            4.66        	               1	       4.8635305
            4.67        	               1	       4.6595424
            4.68        	               1	       4.9027651
            4.69        	               1	       4.8202982
             4.7        	               1	       4.9009599
            4.71        	               1	       4.8327874
            4.72        	               1	       4.9405365
            4.73        	               1	       4.7231817
            4.74        	               1	       5.0914163
            4.75        	               1	       4.8051525
            4.76        	               1	       4.8110211
            4.77        	               1	       5.1798716
            4.78        	               1	       4.6442724
            4.79        	               1	       5.0360106
             4.8        	               1	       4.8235919
            4.81        	               1	        4.949741
            4.82        	               1	       5.0689012
            4.83        	               1	       4.8847346
            4.84        	               1	        5.187622
            4.85        	               1	        4.992163
            4.86        	               1	        5.174676
            4.87        	               1	       4.8106979
            4.88        	               1	       5.0124848
            4.89        	               1	       5.1665111
             4.9        	               1	       4.9709701
            4.91        	               1	       5.0732741
            4.92        	               1	       5.1075538
            4.93        	               1	       4.9321588
            4.94        	               1	       5.1671574
            4.95        	               1	       5.1318368
            4.96        	               1	       5.0822028
            4.97        	               1	         5.04848
            4.98        	               1	       5.1726117
            4.99        	               1	       5.0457601
               5        	               1	        5.145806
            5.01        	               1	       5.1748489
            5.02        	               1	       5.1967073
            5.03        	               1	       5.2744182
            5.04        	               1	       5.3077375
            5.05        	               1	       5.0706398
            5.06        	               1	       5.3488185
            5.07        	               1	       5.2771856
            5.08        	               1	        5.377372
            5.09        	               1	       5.2952272
             5.1        	               1	       5.2383198
            5.11        	               1	       5.3134367
            5.12        	               1	       5.2640839
            5.13        	               1	       5.4079859
            5.14        	               1	       5.3745861
            5.15        	               1	       5.2425466
            5.16        	               1	       5.2772483
            5.17        	               1	       5.3682907
            5.18        	               1	       5.2669923
            5.19        	               1	       5.3238902
             5.2        	               1	       5.1262401
            5.21        	               1	       5.4355168
            5.22        	               1	       5.4249136
            5.23        	               1	       5.6168426
            5.24        	               1	       5.3204347
            5.25        	               1	       5.1690395
            5.26        	               1	       5.4577253
            5.27        	               1	       5.3807793
            5.28        	               1	       5.5692074
            5.29        	               1	       5.4282341
             5.3        	               1	       5.4748029
            5.31        	               1	       5.6750759
            5.32        	               1	       5.3819339
            5.33        	               1	       5.7724765
            5.34        	               1	       5.3855221
            5.35        	               1	        5.559108
            5.36        	               1	       5.5679898
            5.37        	               1	       5.6611423
            5.38        	               1	       5.5992588
            5.39        	               1	       5.5922515
             5.4        	               1	       5.7367512
            5.41        	               1	       5.7536075
            5.42        	               1	       5.6253889
            5.43        	               1	       5.7338824
            5.44        	               1	        5.597594
            5.45        	               1	       5.8092483
            5.46        	               1	       5.6732886
            5.47        	               1	        5.543377
            5.48        	               1	       5.8598946
            5.49        	               1	       5.5874408
             5.5        	               1	       5.6523341
            5.51        	               1	       5.4801116
            5.52        	               1	       5.7330292
            5.53        	               1	       5.6475615
            5.54        	               1	       5.6719019
            5.55        	               1	       5.8034625
            5.56        	               1	       5.7263743
            5.57        	               1	       5.6489868
            5.58        	               1	       5.5413685
            5.59        	               1	       5.8728065
             5.6        	               1	       5.8493066
            5.61        	               1	       5.7510935
            5.62        	               1	       5.7701107
            5.63        	               1	       5.9475201
            5.64        	               1	       5.8112028
            5.65        	               1	       5.8132584
            5.66        	               1	       5.6675051
            5.67        	               1	       5.8869803
            5.68        	               1	       5.9214398
            5.69        	               1	       5.9948582
             5.7        	               1	       5.8429289
            5.71        	               1	        5.850564
            5.72        	               1	       5.6893945
            5.73        	               1	         5.95527
            5.74        	               1	       5.9057589
            5.75        	               1	       5.8976483
            5.76        	               1	       5.9244441
            5.77        	               1	        5.853871
            5.78        	               1	       5.9653724
            5.79        	               1	       5.9876103
             5.8        	               1	       5.9359658
            5.81        	               1	       5.8500384
            5.82        	               1	       6.0311465
            5.83        	               1	       5.8798273
            5.84        	               1	       6.1333368
            5.85        	               1	       5.9031494
            5.86        	               1	       6.1124587
            5.87        	               1	       5.9336767
            5.88        	               1	       5.9259345
            5.89        	               1	       5.8725815
             5.9        	               1	       6.2186863
            5.91        	               1	        6.008536
            5.92        	               1	       6.0231364
            5.93        	               1	       6.0177122
            5.94        	               1	       5.9592069
            5.95        	               1	       6.0637826
            5.96        	               1	       5.9343201
            5.97        	               1	       6.0979191
            5.98        	               1	       6.0433981
            5.99        	               1	       6.0587942
               6        	               1	       6.0688632
            6.01        	               1	       6.0725799
            6.02        	               1	       5.9806376
            6.03        	               1	       6.2529485
            6.04        	               1	       6.0361435
            6.05        	               1	       6.2010723
            6.06        	               1	       6.0803032
            6.07        	               1	       6.3056234
            6.08        	               1	       6.1455388
            6.09        	               1	       6.1427741
             6.1        	               1	       6.1517727
            6.11        	               1	       6.1761966
            6.12        	               1	        6.106427
            6.13        	               1	       6.1570633
            6.14        	               1	       6.1044239
            6.15        	               1	       6.2240462
            6.16        	               1	       6.3281859
            6.17        	               1	       6.2033177
            6.18        	               1	        6.247635
            6.19        	               1	         6.10855
             6.2        	               1	       6.1201936
            6.21        	               1	       6.2409154
            6.22        	               1	       6.2907839
            6.23        	               1	       6.3890862
            6.24        	               1	       6.2918282
            6.25        	               1	       6.2292346
            6.26        	               1	       6.3432487
            6.27        	               1	       6.2250328
            6.28        	               1	       6.1524678
            6.29        	               1	       6.1276532
             6.3        	               1	       6.3144076
            6.31        	               1	       6.3757681
            6.32        	               1	       6.3114905
            6.33        	               1	       6.2955496
            6.34        	               1	       6.3136388
            6.35        	               1	       6.3006702
            6.36        	               1	       6.2782747
            6.37        	               1	        6.392302
            6.38        	               1	       6.4503205
            6.39        	               1	       6.3591173
             6.4        	               1	       6.2621985
            6.41        	               1	       6.5772885
            6.42        	               1	       6.3338309
            6.43        	               1	       6.4104879
            6.44        	               1	       6.6726402
            6.45        	               1	       6.5098877
            6.46        	               1	       6.3735486
            6.47        	               1	       6.5141602
            6.48        	               1	       6.3189783
            6.49        	               1	       6.5494777
             6.5        	               1	       6.5788517
            6.51        	               1	       6.5295126
            6.52        	               1	       6.4105911
            6.53        	               1	       6.4554371
            6.54        	               1	       6.3591188
            6.55        	               1	       6.8159235
            6.56        	               1	       6.5568571
            6.57        	               1	       6.5871442
            6.58        	               1	       6.5237282
            6.59        	               1	       6.4327714
             6.6        	               1	       6.4671546
            6.61        	               1	       6.5039775
            6.62        	               1	       6.3820585
            6.63        	               1	       6.5394348
            6.64        	               1	       6.6508622
            6.65        	               1	       6.4653155
            6.66        	               1	       6.5434881
            6.67        	               1	       6.6952921
            6.68        	               1	       6.7173584
            6.69        	               1	       6.6305368
             6.7        	               1	       6.5173956
            6.71        	               1	       6.4597219
            6.72        	               1	       6.6760218
            6.73        	               1	       6.6590198
            6.74        	               1	       6.5131594
            6.75        	               1	       6.5921028
            6.76        	               1	       6.5362308
            6.77        	               1	       6.8101432
            6.78        	               1	       6.5401582
            6.79        	               1	       6.6518133
             6.8        	               1	       6.8073641
            6.81        	               1	       6.7432854
            6.82        	               1	       6.7077706
            6.83        	               1	       6.5982319
            6.84        	               1	       6.5988002
            6.85        	               1	       6.7178251
            6.86        	               1	       6.6253752
            6.87        	               1	       6.5907374
            6.88        	               1	       6.6199178
            6.89        	               1	        6.993141
             6.9        	               1	       6.9023504
            6.91        	               1	       6.5887083
            6.92        	               1	       6.6800954
            6.93        	               1	       6.7286116
            6.94        	               1	       6.7480751
            6.95        	               1	       6.7515232
            6.96        	               1	       6.7887118
            6.97        	               1	       6.6836155
            6.98        	               1	       6.7719278
            6.99        	               1	       6.8385608
               7        	               1	       6.7551455
            7.01        	               1	       6.7175314
            7.02        	               1	       6.8832871
            7.03        	               1	       6.9091997
            7.04        	               1	       6.5887751
            7.05        	               1	        6.789738
            7.06        	               1	       6.7915318
            7.07        	               1	       6.6228186
            7.08        	               1	       6.6989794
            7.09        	               1	       6.9596139
             7.1        	               1	       7.0060404
            7.11        	               1	       6.7387961
            7.12        	               1	        6.595137
            7.13        	               1	       6.8865377
            7.14        	               1	       6.9361916
            7.15        	               1	       6.8165109
            7.16        	               1	       6.7866265
            7.17        	               1	       6.7298881
            7.18        	               1	        6.791364
            7.19        	               1	       6.7153416
             7.2        	               1	       6.7828266
            7.21        	               1	       6.8490437
            7.22        	               1	       6.8809364
            7.23        	               1	       6.9946668
            7.24        	               1	       6.7931158
            7.25        	               1	       7.0033832
            7.26        	               1	       6.9142873
            7.27        	               1	       7.0138652
            7.28        	               1	        6.926873
            7.29        	               1	       7.1522852
             7.3        	               1	       7.0007954
            7.31        	               1	       6.9323155
            7.32        	               1	       6.9934767
            7.33        	               1	       6.9551284
            7.34        	               1	       6.9498393
            7.35        	               1	       7.0093963
            7.36        	               1	       6.7023055
            7.37        	               1	       6.7712914
            7.38        	               1	       7.1707976
            7.39        	               1	       6.8044862
             7.4        	               1	        6.762738
            7.41        	               1	       6.9601529
            7.42        	               1	        6.973049
            7.43        	               1	       6.7769638
            7.44        	               1	        6.784153
            7.45        	               1	       6.9810913
            7.46        	               1	       7.0659721
            7.47        	               1	       6.9862077
            7.48        	               1	       6.8759289
            7.49        	               1	       7.0934854
             7.5        	               1	       6.8589455
            7.51        	               1	       6.9915966
            7.52        	               1	       7.0474444
            7.53        	               1	       6.8567136
            7.54        	               1	       7.0613478
            7.55        	               1	       6.8525089
            7.56        	               1	        7.008078
            7.57        	               1	       6.8301547
            7.58        	               1	       7.1825575
            7.59        	               1	       6.9283234
             7.6        	               1	       7.0672084
            7.61        	               1	       7.0731872
            7.62        	               1	       7.1319531
            7.63        	               1	       7.1784184
            7.64        	               1	        6.934214
            7.65        	               1	       7.1451895
            7.66        	               1	       7.0189133
            7.67        	               1	       7.0621727
            7.68        	               1	       7.2184734
            7.69        	               1	       6.9055403
             7.7        	               1	       7.1528166
            7.71        	               1	       7.0389646
            7.72        	               1	       7.1293652
            7.73        	               1	        7.213618
            7.74        	               1	       7.1430415
            7.75        	               1	       7.0681727
            7.76        	               1	       7.0762678
            7.77        	               1	       7.1288012
            7.78        	               1	       7.1989664
            7.79        	               1	       7.1091756
             7.8        	               1	       6.9685596
            7.81        	               1	       7.2104682
            7.82        	               1	       7.0299698
            7.83        	               1	       7.2213515
            7.84        	               1	       7.1156192
            7.85        	               1	       7.1179977
            7.86        	               1	       7.1454302
            7.87        	               1	        7.164079
            7.88        	               1	       7.1268251
            7.89        	               1	       7.2107679
             7.9        	               1	       7.2547261
            7.91        	               1	       7.1967366
            7.92        	               1	       7.0115555
            7.93        	               1	       7.2481574
            7.94        	               1	       7.0672357
            7.95        	               1	       7.1787026
            7.96        	               1	       7.2791889
            7.97        	               1	       7.2895445
            7.98        	               1	       7.2923375
            7.99        	               1	       7.1693553
               8        	               1	       7.2391038
            8.01        	               1	       7.1943075
            8.02        	               1	         7.23941
            8.03        	               1	       7.2280733
            8.04        	               1	       7.2006784
            8.05        	               1	       7.0218249
            8.06        	               1	       7.1178313
            8.07        	               1	       7.4142347
            8.08        	               1	        7.373291
            8.09        	               1	       7.1314749
             8.1        	               1	       7.2369798
            8.11        	               1	       7.2872179
            8.12        	               1	         7.16632
            8.13        	               1	       7.2826359
            8.14        	               1	       7.2062339
            8.15        	               1	       7.1064012
            8.16        	               1	       7.2891437
            8.17        	               1	       7.4346861
            8.18        	               1	       7.3349717
            8.19        	               1	       7.2311628
             8.2        	               1	       7.1511403
            8.21        	               1	       7.4470037
            8.22        	               1	       7.2325716
            8.23        	               1	        7.320881
            8.24        	               1	        7.261688
            8.25        	               1	        7.278967
            8.26        	               1	       7.2084117
            8.27        	               1	        7.334934
            8.28        	               1	        7.130165
            8.29        	               1	       7.3899542
             8.3        	               1	       7.2718702
            8.31        	               1	          7.3327
            8.32        	               1	       7.1659495
            8.33        	               1	       7.3393435
            8.34        	               1	       7.3323253
            8.35        	               1	        7.373557
            8.36        	               1	       7.1784197
            8.37        	               1	       7.4865129
            8.38        	               1	       7.3991551
            8.39        	               1	       7.4168834
             8.4        	               1	       7.3769537
            8.41        	               1	       7.3908406
            8.42        	               1	       7.3817377
            8.43        	               1	        7.522057
            8.44        	               1	       7.3709295
            8.45        	               1	       7.3117047
            8.46        	               1	       7.1894512
            8.47        	               1	       7.4484561
            8.48        	               1	       7.3697252
            8.49        	               1	       7.3084833
             8.5        	               1	       7.3316737
            8.51        	               1	       7.3554586
            8.52        	               1	       7.4827189
            8.53        	               1	       7.4405543
            8.54        	               1	       7.4177831
            8.55        	               1	       7.5024426
            8.56        	               1	       7.3192886
            8.57        	               1	       7.4672958
            8.58        	               1	       7.4571575
            8.59        	               1	        7.448786
             8.6        	               1	       7.2888122
            8.61        	               1	       7.4480857
            8.62        	               1	       7.5591749
            8.63        	               1	       7.4538669
            8.64        	               1	       7.5006677
            8.65        	               1	        7.442302
            8.66        	               1	        7.433213
            8.67        	               1	       7.3770631
            8.68        	               1	        7.664233
            8.69        	               1	       7.5093225
             8.7        	               1	         7.38865
            8.71        	               1	       7.3777525
            8.72        	               1	       7.3888861
            8.73        	               1	       7.2085253
            8.74        	               1	       7.2348635
            8.75        	               1	        7.415313
            8.76        	               1	       7.4840047
            8.77        	               1	        7.499288
            8.78        	               1	       7.6812316
            8.79        	               1	       7.4491225
             8.8        	               1	       7.3589666
            8.81        	               1	       7.5409887
            8.82        	               1	        7.637132
            8.83        	               1	       7.4385587
            8.84        	               1	       7.6231498
            8.85        	               1	       7.4930049
            8.86        	               1	       7.5119424
            8.87        	               1	       7.4429995
            8.88        	               1	        7.485932
            8.89        	               1	       7.4147146
             8.9        	               1	       7.3150407
            8.91        	               1	       7.4218225
            8.92        	               1	       7.3566908
            8.93        	               1	       7.6654954
            8.94        	               1	       7.5558045
            8.95        	               1	       7.4344055
            8.96        	               1	       7.6448041
            8.97        	               1	        7.504725
            8.98        	               1	       7.3436117
            8.99        	               1	       7.4401262
               9        	               1	       7.5596495
            9.01        	               1	       7.2917812
            9.02        	               1	       7.4878397
            9.03        	               1	       7.5983622
            9.04        	               1	       7.5106046
            9.05        	               1	       7.4860415
            9.06        	               1	       7.4978663
            9.07        	               1	       7.5684912
            9.08        	               1	       7.6070471
            9.09        	               1	       7.4468836
             9.1        	               1	       7.4830691
            9.11        	               1	       7.6098908
            9.12        	               1	       7.4583545
            9.13        	               1	        7.633685
            9.14        	               1	       7.4528256
            9.15        	               1	       7.5819385
            9.16        	               1	       7.6739045
            9.17        	               1	       7.7058234
            9.18        	               1	       7.6165135
            9.19        	               1	       7.4440119
             9.2        	               1	       7.5630746
            9.21        	               1	       7.7226762
            9.22        	               1	       7.5835101
            9.23        	               1	       7.6554885
            9.24        	               1	       7.5352422
            9.25        	               1	       7.6436209
            9.26        	               1	        7.763193
            9.27        	               1	       7.5757457
            9.28        	               1	       7.3997848
            9.29        	               1	        7.528035
             9.3        	               1	       7.4649397
            9.31        	               1	        7.664161
            9.32        	               1	       7.6660799
            9.33        	               1	       7.6352959
            9.34        	               1	       7.4981275
            9.35        	               1	       7.6801119
            9.36        	               1	       7.6435049
            9.37        	               1	       7.5247811
            9.38        	               1	        7.472134
            9.39        	               1	       7.4829757
             9.4        	               1	       7.4414371
            9.41        	               1	       7.6558678
            9.42        	               1	       7.4963363
            9.43        	               1	       7.5321297
            9.44        	               1	       7.4692539
            9.45        	               1	       7.5879335
            9.46        	               1	        7.780112
            9.47        	               1	       7.5869514
            9.48        	               1	       7.6363327
            9.49        	               1	       7.5803555
             9.5        	               1	       7.5328382
            9.51        	               1	        7.606818
            9.52        	               1	       7.6520507
            9.53        	               1	        7.492511
            9.54        	               1	       7.4638923
            9.55        	               1	       7.5511067
            9.56        	               1	       7.7257852
            9.57        	               1	       7.5837773
            9.58        	               1	       7.6826515
            9.59        	               1	       7.6791949
             9.6        	               1	       7.6669134
            9.61        	               1	       7.5135317
            9.62        	               1	       7.5984931
            9.63        	               1	       7.6504597
            9.64        	               1	       7.6848126
            9.65        	               1	       7.6411513
            9.66        	               1	       7.7207941
            9.67        	               1	       7.8242784
            9.68        	               1	       7.7888599
            9.69        	               1	       7.5260132
             9.7        	               1	       7.6589319
            9.71        	               1	        7.760028
            9.72        	               1	       7.6884324
            9.73        	               1	       7.6274948
            9.74        	               1	       7.5222835
            9.75        	               1	       7.8170857
            9.76        	               1	       7.6929073
            9.77        	               1	       7.6049729
            9.78        	               1	        7.620226
            9.79        	               1	       7.7548286
             9.8        	               1	       7.7116617
            9.81        	               1	       7.8178248
            9.82        	               1	       7.7621365
            9.83        	               1	       7.8326338
            9.84        	               1	       7.8540726
            9.85        	               1	       7.6254275
            9.86        	               1	       7.8573921
            9.87        	               1	       7.7098783
            9.88        	               1	       7.7295171
            9.89        	               1	       7.7871581
             9.9        	               1	       7.7153697
            9.91        	               1	       7.6459391
            9.92        	               1	       7.7473721
            9.93        	               1	       7.6623934
            9.94        	               1	       7.6454464
            9.95        	               1	       7.6001932
            9.96        	               1	       7.6170147
            9.97        	               1	       7.7105106
            9.98        	               1	       7.7569992
            9.99        	               1	       7.6320176
              10        	               1	       7.5478219
           10.01        	               1	       7.6908865
           10.02        	               1	       7.8594049
           10.03        	               1	       7.8007893
           10.04        	               1	       7.5491704
           10.05        	               1	       7.6628981
           10.06        	               1	       7.7620405
           10.07        	               1	        7.765885
           10.08        	               1	       7.6304373
           10.09        	               1	       7.7859222
            10.1        	               1	       7.7742829
           10.11        	               1	       7.7866817
           10.12        	               1	       7.7009995
           10.13        	               1	       7.8193357
           10.14        	               1	        7.605509
           10.15        	               1	       7.8225563
           10.16        	               1	       7.7702336
           10.17        	               1	       7.6225155
           10.18        	               1	       7.6650955
           10.19        	               1	       7.7328856
            10.2        	               1	       7.5475167
           10.21        	               1	       7.6548384
           10.22        	               1	       7.8624193
           10.23        	               1	       7.6770463
           10.24        	               1	       7.5422254
           10.25        	               1	       7.8756812
           10.26        	               1	       7.8068571
           10.27        	               1	       7.6144152
           10.28        	               1	       7.5637365
           10.29        	               1	       7.7444206
            10.3        	               1	       7.7077857
           10.31        	               1	       7.8043692
           10.32        	               1	       7.8214269
           10.33        	               1	       7.7204333
           10.34        	               1	       7.8745819
           10.35        	               1	       7.6062849
           10.36        	               1	       7.7246731
           10.37        	               1	       7.6630961
           10.38        	               1	       7.6166224
           10.39        	               1	        7.879539
            10.4        	               1	       7.7828519
           10.41        	               1	       7.7317857
           10.42        	               1	       7.9432837
           10.43        	               1	       7.7835082
           10.44        	               1	       7.7053399
           10.45        	               1	       7.7858786
           10.46        	               1	       7.6639427
           10.47        	               1	       7.7775691
           10.48        	               1	       7.9015139
           10.49        	               1	       7.7847517
            10.5        	               1	       7.7879758
           10.51        	               1	       7.8210984
           10.52        	               1	       7.7807504
           10.53        	               1	       7.7877814
           10.54        	               1	       7.7247598
           10.55        	               1	       7.8734727
           10.56        	               1	        7.652426
           10.57        	               1	       7.7543443
           10.58        	               1	       7.7836711
           10.59        	               1	       7.6940685
            10.6        	               1	       7.7259172
           10.61        	               1	       7.8438171
           10.62        	               1	       7.8740864
           10.63        	               1	       7.7422623
           10.64        	               1	       7.6106007
           10.65        	               1	       7.8155762
           10.66        	               1	       7.8053822
           10.67        	               1	       7.6774308
           10.68        	               1	        7.615853
           10.69        	               1	       7.9289982
            10.7        	               1	        7.886935
           10.71        	               1	       7.8589505
           10.72        	               1	       7.8510505
           10.73        	               1	       7.7434596
           10.74        	               1	       7.7281213
           10.75        	               1	       7.7461977
           10.76        	               1	       7.8255697
           10.77        	               1	       7.8183368
           10.78        	               1	       7.7383176
           10.79        	               1	        7.698549
            10.8        	               1	        7.848787
           10.81        	               1	       7.7130063
           10.82        	               1	       7.7269002
           10.83        	               1	       7.6753808
           10.84        	               1	       7.9300791
           10.85        	               1	       7.6868445
           10.86        	               1	       7.7032457
           10.87        	               1	       7.9360695
           10.88        	               1	       7.5788221
           10.89        	               1	       7.7992279
            10.9        	               1	       7.8767303
           10.91        	               1	       7.9399916
           10.92        	               1	       7.8043925
           10.93        	               1	       7.8095327
           10.94        	               1	       7.7567306
           10.95        	               1	       8.0465233
           10.96        	               1	       7.7161667
           10.97        	               1	       7.8771354
           10.98        	               1	       7.5526228
           10.99        	               1	       7.8150411
              11        	               1	        7.923521
           11.01        	               1	       7.8614123
           11.02        	               1	       7.8737833
           11.03        	               1	       7.9049212
           11.04        	               1	       7.7358318
           11.05        	               1	       7.8217397
           11.06        	               1	       7.9295884
           11.07        	               1	         7.77554
           11.08        	               1	       7.6624753
           11.09        	               1	        7.717494
            11.1        	               1	       7.8294144
           11.11        	               1	       7.8862738
           11.12        	               1	       7.8128279
           11.13        	               1	       7.7080513
           11.14        	               1	       7.9826376
           11.15        	               1	       7.6964987
           11.16        	               1	       7.8962657
           11.17        	               1	        7.952788
           11.18        	               1	       7.6986342
           11.19        	               1	       7.7655912
            11.2        	               1	        7.822165
           11.21        	               1	       7.9110803
           11.22        	               1	       7.9867804
           11.23        	               1	       7.9529274
           11.24        	               1	       7.8999022
           11.25        	               1	       7.9423044
           11.26        	               1	       7.8564524
           11.27        	               1	       7.7178834
           11.28        	               1	       7.8388532
           11.29        	               1	       7.7058365
            11.3        	               1	       7.9170266
           11.31        	               1	       8.0198356
           11.32        	               1	       7.7483944
           11.33        	               1	       7.8610528
           11.34        	               1	       7.7778789
           11.35        	               1	         7.91816
           11.36        	               1	        7.837902
           11.37        	               1	       7.7673294
           11.38        	               1	       7.7483856
           11.39        	               1	       7.9722329
            11.4        	               1	       7.7167519
           11.41        	               1	       7.8840425
           11.42        	               1	       7.9379229
           11.43        	               1	       7.9414302
           11.44        	               1	       7.6943205
           11.45        	               1	       7.8705682
           11.46        	               1	       7.8558667
           11.47        	               1	       7.7851283
           11.48        	               1	       7.7799837
           11.49        	               1	       7.7862826
            11.5        	               1	       8.0115933
           11.51        	               1	       7.9627031
           11.52        	               1	       7.8831177
           11.53        	               1	       7.8905618
           11.54        	               1	       7.9144787
           11.55        	               1	       7.7335307
           11.56        	               1	       7.8130985
           11.57        	               1	       7.8427818
           11.58        	               1	        8.073899
           11.59        	               1	       7.9569872
            11.6        	               1	       7.7793022
           11.61        	               1	       7.7023188
           11.62        	               1	       7.7992302
           11.63        	               1	       7.9924486
           11.64        	               1	       7.6911049
           11.65        	               1	       7.8285486
           11.66        	               1	       7.8998483
           11.67        	               1	       7.6992909
           11.68        	               1	       7.8578825
           11.69        	               1	       7.7808475
            11.7        	               1	       7.5851294
           11.71        	               1	       7.9368903
           11.72        	               1	        8.089011
           11.73        	               1	       7.8185913
           11.74        	               1	       7.7644494
           11.75        	               1	       7.9646225
           11.76        	               1	       7.9938665
           11.77        	               1	        7.801156
           11.78        	               1	       7.7471844
           11.79        	               1	       7.8418637
            11.8        	               1	       7.8818249
           11.81        	               1	       7.7879176
           11.82        	               1	       7.9427102
           11.83        	               1	       7.8279898
           11.84        	               1	       8.1622622
           11.85        	               1	       7.8382521
           11.86        	               1	       7.7604029
           11.87        	               1	       7.9823766
           11.88        	               1	       7.8445543
           11.89        	               1	       7.9115354
            11.9        	               1	       7.9096383
           11.91        	               1	       7.7644002
           11.92        	               1	        7.838077
           11.93        	               1	       7.9671433
           11.94        	               1	       7.8997924
           11.95        	               1	       8.0334365
           11.96        	               1	       8.0522064
           11.97        	               1	       7.9644518
           11.98        	               1	       7.9402411
           11.99        	               1	       7.8488613
              12        	               1	       7.8963183
